0.000000 0
5.000000 -0.000990045
10.000000 -0.00697093
15.000000 0.00377672
20.000000 0.0162426
25.000000 -0.00757974
30.000000 -0.0202075
35.000000 0.020162
40.000000 0.0186629
45.000000 -0.0553835
50.000000 -0.035774
55.000000 0.103879
60.000000 0.0901139
65.000000 -0.146022
70.000000 -0.181939
75.000000 0.19955
80.000000 0.415255
85.000000 -0.0909004
90.000000 -0.721838
95.000000 -0.385762
100.000000 0.779972
105.000000 1.30909
110.000000 0.224206
115.000000 -1.678
120.000000 -2.48968
125.000000 -0.863426
130.000000 2.65015
135.000000 5.44326
140.000000 4.45956
145.000000 -1.11244
150.000000 -8.51298
155.000000 -13.1697
160.000000 -11.9649
165.000000 -4.71691
170.000000 7.19187
175.000000 22.8385
180.000000 41.9415
185.000000 63.2879
190.000000 83.5566
195.000000 98.1037
200.000000 103.185
205.000000 97.8413
210.000000 84.1714
215.000000 66.1057
220.000000 47.6702
225.000000 31.7278
230.000000 19.58
235.000000 11.2492
240.000000 6.03811
245.000000 3.0374
250.000000 1.43586
255.000000 0.639404
260.000000 0.268792
265.000000 0.10687
270.000000 0.0402556
275.000000 0.0143872
280.000000 0.00488525
285.000000 0.0015779
290.000000 0.000485314
295.000000 0.000142277
300.000000 3.97914e-05
305.000000 1.06249e-05
310.000000 2.71045e-06
315.000000 6.61007e-07
320.000000 1.54191e-07
325.000000 3.44202e-08
330.000000 7.35615e-09
335.000000 1.50568e-09
340.000000 2.95257e-10
345.000000 5.54842e-11
350.000000 9.9939e-12
355.000000 1.72574e-12
360.000000 2.85725e-13
365.000000 4.5362e-14
370.000000 6.90604e-15
375.000000 1.00823e-15
380.000000 1.41148e-16
385.000000 1.89468e-17
390.000000 2.43818e-18
395.000000 3.03222e-19
400.000000 0

