0.000000 0
5.000000 0.0324311
10.000000 0.00217737
15.000000 0.0310636
20.000000 0.0173874
25.000000 0.0303532
30.000000 0.0308105
35.000000 0.0384879
40.000000 0.0509235
45.000000 0.0683154
50.000000 0.0945275
55.000000 0.129057
60.000000 0.171345
65.000000 0.220406
70.000000 0.273204
75.000000 0.326411
80.000000 0.377323
85.000000 0.422846
90.000000 0.459309
95.000000 0.483988
100.000000 0.496922
105.000000 0.500939
110.000000 0.49811
115.000000 0.483217
120.000000 0.440797
125.000000 0.358883
130.000000 0.274137
135.000000 0.356387
140.000000 1.02732
145.000000 3.09289
150.000000 7.85675
155.000000 17.1758
160.000000 33.4209
165.000000 59.3186
170.000000 97.6681
175.000000 150.959
180.000000 220.937
185.000000 308.196
190.000000 411.864
195.000000 529.454
200.000000 656.928
205.000000 788.963
210.000000 919.391
215.000000 1041.76
220.000000 1149.93
225.000000 1238.6
230.000000 1303.74
235.000000 1342.89
240.000000 1355.23
245.000000 1341.51
250.000000 1303.86
255.000000 1245.48
260.000000 1170.28
265.000000 1082.53
270.000000 986.56
275.000000 886.414
280.000000 785.715
285.000000 687.5
290.000000 594.166
295.000000 507.459
300.000000 428.519
305.000000 357.946
310.000000 295.894
315.000000 242.162
320.000000 196.289
325.000000 157.64
330.000000 125.478
335.000000 99.0249
340.000000 77.505
345.000000 60.1805
350.000000 46.3695
355.000000 35.4655
360.000000 26.928
365.000000 20.3112
370.000000 15.2051
375.000000 11.3324
380.000000 8.35014
385.000000 6.19373
390.000000 4.42408
395.000000 3.39853
400.000000 0

