0.000000 0
5.000000 0
10.000000 0
15.000000 0
20.000000 0
25.000000 0
30.000000 0
35.000000 0
40.000000 0
45.000000 0
50.000000 0
55.000000 3.8567e-07
60.000000 5.75877e-06
65.000000 4.4582e-05
70.000000 0.000238299
75.000000 0.00098828
80.000000 0.00338842
85.000000 0.00999455
90.000000 0.0260611
95.000000 0.0612684
100.000000 0.13181
105.000000 0.262511
110.000000 0.488463
115.000000 0.855553
120.000000 1.41927
125.000000 2.24139
130.000000 3.38435
135.000000 4.90385
140.000000 6.8402
145.000000 9.20987
150.000000 11.9984
155.000000 15.156
160.000000 18.5973
165.000000 22.2043
170.000000 25.8345
175.000000 29.3316
180.000000 32.5376
185.000000 35.3063
190.000000 37.5146
195.000000 39.0717
200.000000 39.9246
205.000000 40.0601
210.000000 39.5031
215.000000 38.3114
220.000000 36.5695
225.000000 34.3792
230.000000 31.852
235.000000 29.1008
240.000000 26.2331
245.000000 23.3454
250.000000 20.5204
255.000000 17.8243
260.000000 15.3066
265.000000 13.001
270.000000 10.9265
275.000000 9.08994
280.000000 7.48828
285.000000 6.11076
290.000000 4.94135
295.000000 3.96071
300.000000 3.1478
305.000000 2.48128
310.000000 1.94042
315.000000 1.50586
320.000000 1.15997
325.000000 0.887133
330.000000 0.673765
335.000000 0.508277
340.000000 0.380938
345.000000 0.283699
350.000000 0.209987
355.000000 0.154503
360.000000 0.113024
365.000000 0.0822166
370.000000 0.059481
375.000000 0.0428047
380.000000 0.0306453
385.000000 0.0218302
390.000000 0.015475
395.000000 0.0109179
400.000000 0

