0.000000 0
5.000000 0
10.000000 0
15.000000 0
20.000000 0
25.000000 0
30.000000 0
35.000000 0
40.000000 0
45.000000 0
50.000000 0
55.000000 1.10678e-11
60.000000 3.86619e-10
65.000000 6.70137e-09
70.000000 7.68547e-08
75.000000 6.56133e-07
80.000000 4.44833e-06
85.000000 2.49494e-05
90.000000 0.000119089
95.000000 0.000493914
100.000000 0.00180844
105.000000 0.00591982
110.000000 0.0175032
115.000000 0.0471446
120.000000 0.116518
125.000000 0.265884
130.000000 0.563228
135.000000 1.11286
140.000000 2.05971
145.000000 3.58454
150.000000 5.88597
155.000000 9.14763
160.000000 13.4936
165.000000 18.9399
170.000000 25.3544
175.000000 32.4361
180.000000 39.7263
185.000000 46.6512
190.000000 52.5945
195.000000 56.9856
200.000000 59.3872
205.000000 59.5653
210.000000 57.5249
215.000000 53.5062
220.000000 47.941
225.000000 41.3801
230.000000 34.4075
235.000000 27.5594
240.000000 21.2621
245.000000 15.7987
250.000000 11.3052
255.000000 7.78999
260.000000 5.16855
265.000000 3.30179
270.000000 2.03077
275.000000 1.20253
280.000000 0.685556
285.000000 0.376276
290.000000 0.198833
295.000000 0.101156
300.000000 0.0495481
305.000000 0.0233666
310.000000 0.0106097
315.000000 0.00463821
320.000000 0.00195226
325.000000 0.000791156
330.000000 0.000308681
335.000000 0.000115949
340.000000 4.19289e-05
345.000000 1.45954e-05
350.000000 4.89038e-06
355.000000 1.57705e-06
360.000000 4.89411e-07
365.000000 1.46138e-07
370.000000 4.19801e-08
375.000000 1.15993e-08
380.000000 3.08201e-09
385.000000 7.8731e-10
390.000000 1.93308e-10
395.000000 4.56056e-11
400.000000 0

